-1077.34 -295.90 
-17.11 207.58 
175.26 12.93 
25.36 55.61 
-7.11 18.73 
88.58 64.73 
38.15 18.38 
62.36 71.59 
295.81 -93.70 
59.54 77.75 
72.92 62.20 
58.00 31.73 
394.87 40.91 
56.70 88.96 
27.36 85.62 
50.50 12.17 
370.01 -863.11 
35.85 -39.50 
11.01 148.40 
14.12 53.05 
161.57 57.14 
80.47 81.38 
-348.45 827.02 
499.23 157.41 
783.39 626.24 
18.85 70.34 
116.31 -139.45 
48.84 98.89 
136.13 61.88 
64.07 20.14 
20.94 28.34 
-114.18 32.11 
19.88 32.88 
76.24 56.93 
76.89 -152.14 
85.79 0.52 
63.78 74.68 
-0.37 261.23 
124.20 102.31 
46.63 68.48 
60.79 10.47 
-277.53 361.61 
-109.70 -26.73 
-187.90 532.72 
33.42 63.08 
3.40 67.99 
14.60 28.51 
230.06 -50.26 
46.68 82.55 
270.74 -1562.67 
50.13 59.28 
65.80 46.18 
74.79 119.77 
285.42 1408.61 
31.75 90.90 
70.91 42.50 
37.06 30.18 
69.20 33.96 
23.06 19.30 
51.29 51.63 
-161.32 -115.29 
90.62 31.84 
-43.10 20.00 
-56.25 7.98 
27.50 29.22 
74.06 99.39 
76.13 27.40 
592.50 -759.15 
-745.70 1235.42 
57.14 33.46 
174.40 140.62 
49.59 34.56 
43.54 90.20 
66.39 127.30 
70.34 13.49 
142.17 59.59 
43.69 31.68 
68.61 86.21 
72.66 281.81 
33.09 77.03 
159.55 85.81 
-1952.97 -6240.18 
-17.93 -38.69 
-5.13 94.46 
-15.72 168.03 
56.83 55.83 
90.66 -3.05 
58.38 148.64 
70.02 60.58 
100.13 100.31 
-367.92 -1508.81 
89.14 55.74 
115.61 412.91 
-76.16 477.12 
14.75 82.09 
81.18 119.63 
-944.30 1551.71 
769.68 -54.17 
-1835.78 -1747.89 
13.75 51.07 
194.75 -438.31 
54.77 -63.01 
-68.38 -165.96 
-147.48 132.51 
16.68 188.84 
9.54 17.29 
14.85 82.80 
31.54 102.85 
-201.26 125.97 
15.47 139.39 
-124.61 10.32 
111.50 10.48 
46.04 99.98 
23.33 93.51 
3.26 10.58 
120.55 158.32 
15.63 32.68 
49.28 37.25 
40.01 10.22 
49.35 47.05 
59.92 18.93 
71.14 52.38 
-1328.72 135.74 
-2919.54 -3265.63 
53.57 7.15 
29.18 101.90 
-17.37 53.17 
79.48 82.71 
1369.19 -1876.14 
156.74 205.12 
23.83 -3.06 
97.41 7.86 
33.51 13.01 
-32.25 35.65 
40.45 58.19 
56.60 101.12 
4404.53 1461.28 
-46.84 -16.71 
118.78 -3.97 
61.01 54.88 
63.62 14.00 
31.31 46.30 
37.63 66.40 
54.17 30.25 
8.74 79.54 
82.30 43.04 
83.40 -21.72 
263.85 -33.06 
66.52 -39.76 
61.52 15.18 
23.27 94.09 
64.37 32.97 
23.33 132.91 
332.03 199.32 
91.22 83.31 
-17.56 32.01 
46.66 -0.69 
57.60 55.87 
62.28 97.89 
1063.76 701.36 
36.33 84.01 
17.31 82.95 
38.99 64.66 
22.50 7.97 
223.45 142.78 
-95.98 42.61 
66.31 39.78 
1803.59 574.27 
27.31 60.60 
-2002.74 1535.24 
-7912.60 -2529.83 
198.30 -11.20 
67.73 54.83 
172.28 113.25 
-80.99 144.69 
-34.70 1107.18 
40.73 16.94 
37.75 55.53 
95.69 15.91 
45.15 72.81 
-3.08 -20.49 
-1122.48 1489.72 
-143.99 -218.69 
72.29 -320.72 
614.28 505.78 
7.99 82.32 
75.32 62.64 
902.84 -40.58 
65.36 90.40 
-6.99 31.84 
51.04 60.60 
21.47 45.27 
336.45 491.71 
0.12 38.58 
371.11 168.53 
29.39 98.73 
40.33 33.56 
30.33 50.91 
37.05 36.35 
45.73 73.50 
32.12 71.80 
29.68 15.60 
44.71 15.69 
4172.06 -3310.08 
137.59 8.26 
-93.02 303.24 
479.25 591.28 
-27.22 39.97 
-103.94 192.56 
35.53 73.79 
13.40 76.99 
-87.44 280.55 
37.65 24.40 
44.27 19.65 
-110.96 -462.62 
17.71 87.59 
36.58 44.04 
41.87 6.64 
39.60 68.31 
18.99 93.69 
-315.03 43.72 
3125.37 -3588.67 
11.22 67.43 
58.50 84.20 
69.91 67.21 
-5.07 24.16 
28.48 24.24 
81.28 -64.50 
16.86 77.08 
25.59 75.78 
288.59 7.24 
153.83 -58.72 
53.72 65.17 
42.95 39.21 
36.36 58.23 
-2760.20 2192.21 
54.26 -12.94 
294.33 373.39 
28.37 -131.81 
68.58 40.61 
38.71 -771.34 
284.17 -96.93 
59.87 31.07 
141.92 -7.33 
61.62 34.09 
116.11 176.18 
73.86 77.61 
11.13 42.23 
56.66 26.88 
74.09 50.84 
55.04 37.33 
24.50 -272.18 
123.68 17.89 
64.48 34.91 
35.82 75.79 
2000.91 1888.74 
87.32 24.75 
-285.33 92.86 
205.64 -14.06 
23.07 115.72 
43.10 103.87 
-28.58 -120.21 
23.61 39.16 
933.09 -557.33 
81.09 26.29 
1615.56 4857.51 
54.74 26.14 
21.50 2.68 
90.15 -2.73 
-7.37 -20.12 
52.77 74.41 
27.59 34.88 
86.66 -17.07 
-427.42 -103.09 
149.01 100.65 
112.83 -92.20 
50.23 23.26 
16.85 57.11 
72.41 10.36 
97.11 38.26 
-24.91 19.66 
284.66 -266.23 
42.59 3.91 
8.89 66.88 
148.40 -51.97 
19.39 20.38 
30.25 32.90 
39.33 47.25 
-14.76 28.16 
-742.75 190.22 
70.24 32.22 
191.77 -142.07 
-297.39 -933.58 
29.99 57.60 
630.40 -852.47 
23.05 60.97 
-1531.54 241.97 
48.12 109.79 
27.91 49.37 
-11.83 57.14 
1101.42 -139.46 
236.80 -10.61 
-50.14 -29.03 
-215.59 138.29 
11.24 57.94 
-2.84 249.95 
-31.69 22.19 
52.84 349.61 
-158.96 -52.06 
64.33 23.47 
142.05 -286.43 
3.23 -5.56 
22.99 43.19 
60.14 64.57 
50.65 50.27 
43.04 16.08 
-40.09 24.47 
72.22 31.99 
38.85 80.38 
-33.89 10.79 
-33.59 46.42 
46.61 -147.89 
64.72 -30.89 
47.09 19.23 
301.96 22.13 
73.49 52.11 
130.87 -160.34 
-121.23 107.81 
1108.31 260.60 
49.98 73.53 
-73.04 365.90 
36.32 17.67 
38.23 128.81 
193.82 -84.37 
753.99 -3.15 
-168.05 284.41 
38.83 24.65 
-3168.25 2651.60 
29.94 78.90 
28.99 107.59 
-22.08 63.92 
1334.67 361.56 
-773.48 142.68 
104.30 25.78 
82.65 92.66 
522.64 -704.02 
-332.18 -324.21 
119.55 -46.29 
28.54 38.06 
47.52 80.03 
13.08 50.54 
98.07 31.79 
-391.44 -157.68 
103.59 40.31 
68.49 70.11 
35.14 54.04 
29.35 50.48 
-13.71 -128.85 
12.45 100.62 
32.86 53.26 
57.55 47.32 
1518.12 -24.81 
-45.03 164.28 
-275.90 -83.02 
35.68 23.95 
-1177.77 -135.61 
110.49 21.32 
86.08 66.63 
19.10 -20.57 
105.83 -105.07 
202.17 -18.75 
162.61 137.05 
24.17 113.97 
-150.21 405.30 
-36.14 179.27 
32.54 4.94 
45.47 42.92 
67.29 15.66 
86.95 96.26 
70.16 -102.24 
79.03 75.05 
-645.52 1234.78 
-221.39 407.13 
32.49 144.86 
78.02 85.98 
-82.32 151.17 
14.96 48.25 
-14.13 168.97 
-11.06 -5.00 
334.98 265.70 
102.69 118.87 
75.48 72.71 
19.48 63.14 
-50.94 40.78 
51.87 14.97 
98.47 41.44 
-359.84 43.64 
72.11 25.14 
53.16 114.83 
96.49 -17.29 

