33.45 40.26 
54.63 10.58 
39.70 88.92 
28.22 76.16 
50.54 76.10 
97.50 53.40 
41.81 19.35 
79.08 88.56 
3.66 81.98 
68.26 75.13 
8.49 61.74 
41.87 15.59 
96.12 45.45 
70.88 73.34 
53.59 78.41 
81.30 11.58 
79.34 35.31 
35.93 40.48 
69.27 74.26 
3.17 64.85 
75.69 34.73 
92.71 99.01 
85.72 87.60 
22.28 39.21 
57.24 47.40 
37.48 79.70 
5.94 26.76 
18.25 97.01 
67.96 96.09 
13.97 66.93 
35.63 18.20 
24.09 75.35 
12.12 37.07 
91.71 55.95 
2.73 33.61 
40.94 66.74 
75.34 94.33 
45.28 86.90 
12.60 17.47 
70.44 89.61 
83.77 30.01 
88.37 94.58 
3.32 50.71 
15.06 19.99 
15.83 35.37 
37.92 60.85 
39.28 4.37 
39.46 64.90 
41.72 64.15 
96.85 82.67 
20.95 52.09 
83.19 58.69 
0.87 70.05 
70.20 87.63 
54.72 98.81 
99.97 49.35 
15.45 25.76 
23.90 92.56 
52.33 24.52 
0.45 53.33 
47.87 35.51 
64.59 21.37 
46.37 44.98 
37.26 9.09 
17.68 38.20 
51.26 73.20 
71.20 21.77 
80.55 65.07 
14.35 86.45 
36.81 71.52 
72.39 53.83 
43.47 32.64 
49.78 70.36 
2.10 72.63 
47.81 2.07 
75.38 4.12 
50.12 94.21 
63.44 75.65 
66.63 14.30 
10.67 39.03 
61.46 61.69 
62.72 45.52 
57.01 64.24 
46.94 13.40 
45.96 50.88 
49.14 40.46 
46.42 6.53 
2.51 89.79 
42.20 75.06 
22.72 63.40 
1.76 98.36 
32.84 25.76 
10.85 9.39 
78.69 32.90 
68.20 93.39 
52.12 0.15 
48.99 86.87 
93.00 79.29 
89.32 77.46 
33.41 98.55 

